123
587
226
369
75
188
510
504
652
376
439
370
379
241
314
37
649
85
445
183
325
655
273
315
39
120
278
495
114
661
30
338
331
599
196
76
547
484
507
640
336
329
95
597
515
387
25
140
21
417
66
122
194
459
567
647
190
252
438
267
245
559
192
617
371
506
437
17
571
184
641
602
425
550
274
160
295
573
266
534
377
309
62
139
117
487
345
657
193
96
566
623
218
513
168
50
328
583
268
64
3
349
182
590
191
287
429
213
620
202
535
5
220
153
146
343
208
508
444
275
204
625
130
203
52
449
271
16
448
121
344
357
516
63
473
406
333
428
189
118
265
199
106
209
375
284
579
394
416
363
404
94
466
595
514
393
132
471
574
538
593
107
12
228
472
545
293
127
399
565
195
544
175
23
585
128
418
45
539
434
151
31
87
457
177
407
353
582
234
173
298
163
119
263
109
389
586
616
521
80
34
29
569
60
601
580
313
430
400
93
482
519
485
112
486
230
296
9
217
531
654
525
543
19
558
69
104
310
441
542
10
528
402
308
253
382
527
303
355
215
11
648
1
141
292
398
396
147
594
126
461
426
181
496
465
254
256
222
490
454
561
575
489
433
259
49
223
442
350
110
101
469
529
38
463
633
225
419
282
492
432
201
663
662
628
520
48
79
589
78
113
630
216
415
150
20
420
243
91
294
447
388
235
518
360
551
645
517
557
8
460
509
512
334
564
138
621
386
403
281
206
67
59
320
468
211
157
410
332
549
368
15
639
340
0
409
178
244
302
453
554
84
405
408
224
149
330
306
502
51
452
592
248
231
395
277
658
105
90
261
470
373
563
257
321
455
142
233
7
167
588
27
134
36
651
522
526
326
443
493
341
97
131
474
596
424
572
653
384
650
229
603
498
352
423
44
68
200
598
305
610
251
176
186
26
258
304
283
431
634
627
116
152
626
532
351
604
288
378
187
124
290
339
635
289
477
300
608
494
392
322
335
57
446
629
624
14
227
28
644
570
548
361
166
660
480
619
436
172
250
255
162
70
42
613
450
47
285
591
100
55
632
82
612
129
155
576
54
247
524
552
374
115
638
327
307
412
456
299
174
108
347
56
611
606
35
179
530
180
197
249
584
46
505
451
111
53
364
240
397
103
501
562
318
99
272
43
4
358
483
232
605
354
491
40
458
246
297
481
372
607
207
362
33
541
269
125
414
6
618
65
311
262
170
578
219
86
346
503
145
156
221
385
475
540
301
159
560
260
359
568
316
210
92
22
631
476
533
71
511
642
337
264
89
164
600
659
88
577
77
467
279
342
238
135
367
237
636
18
58
348
383
312
391
413
74
72
324
98
435
390
462
411
609
24
171
148
643
440
614
365
236
143
276
422
154
205
32
185
499
401
144
555
133
161
500
2
83
622
317
81
380
427
198
464
137
165
214
280
536
73
102
497
553
581
646
61
158
270
319
615
239
13
323
537
656
479
421
41
286
488
356
478
212
169
291
556
242
523
136
637
546
366
381
