185
497
321
513
502
480
339
235
296
188
616
337
249
643
455
588
329
145
111
530
627
99
515
61
605
92
436
456
154
557
382
370
24
428
334
212
100
521
538
310
4
422
611
654
415
519
361
535
171
47
30
122
55
576
83
387
85
390
607
180
504
163
595
581
354
114
626
268
31
317
256
309
442
350
647
453
493
84
613
584
457
160
253
381
10
56
234
241
420
40
194
417
592
15
328
429
93
159
16
537
319
170
113
110
398
388
392
220
266
117
169
128
410
316
179
511
44
356
462
27
116
129
214
649
488
62
470
286
577
371
656
347
395
644
207
619
437
272
598
425
452
327
242
487
517
32
563
165
184
349
593
287
97
66
190
430
151
275
520
323
9
630
223
659
460
135
446
602
274
104
542
590
192
199
389
650
282
230
211
246
38
366
164
380
2
476
203
221
509
496
193
76
573
568
218
34
512
401
82
562
498
343
333
80
233
36
123
489
208
153
439
638
182
579
479
288
149
166
585
465
264
474
258
529
225
658
464
5
578
628
232
374
195
648
298
567
25
478
141
376
28
43
469
68
158
143
418
290
187
461
307
96
152
486
459
245
238
292
541
536
294
646
533
549
514
636
596
102
276
280
206
279
175
603
257
608
414
580
483
473
314
322
57
345
19
303
591
139
635
637
147
72
386
42
639
14
200
46
399
69
641
601
183
178
51
60
532
26
118
472
177
624
11
614
629
226
554
642
81
7
45
325
315
306
434
365
65
301
555
411
364
449
251
416
372
168
215
491
342
394
320
213
162
378
133
346
8
140
293
332
631
21
582
78
404
495
477
508
445
471
98
368
431
467
157
127
138
59
597
64
600
336
134
443
87
326
247
291
155
426
606
105
270
362
313
217
397
33
202
560
393
494
575
454
552
73
402
248
412
344
107
210
148
204
181
505
229
373
340
651
263
13
435
375
408
312
564
305
132
550
324
75
295
302
583
481
222
39
432
54
121
240
379
632
400
284
621
262
308
318
574
191
209
405
331
205
419
599
539
523
355
553
239
544
450
198
623
189
299
115
663
444
570
77
433
466
94
612
358
261
6
559
265
531
503
231
228
120
348
569
130
35
440
438
522
289
384
196
561
20
22
396
267
360
227
37
0
604
281
594
463
359
468
146
556
277
50
58
618
510
103
421
137
341
88
71
52
186
451
413
528
385
566
506
526
661
297
423
458
617
250
136
499
352
551
224
90
492
507
70
357
625
633
156
278
610
259
304
490
377
441
391
335
219
172
516
571
125
484
534
518
89
589
283
424
615
311
216
95
12
53
353
482
3
587
48
383
622
29
197
126
244
106
271
500
545
634
351
645
363
407
558
176
243
655
167
543
49
525
252
237
447
112
620
540
524
572
653
150
108
662
236
255
565
174
201
63
338
101
547
124
91
330
403
41
660
131
254
260
546
485
119
448
67
74
300
640
144
269
369
367
18
475
79
173
652
23
285
406
586
161
17
409
609
273
657
142
109
501
86
427
548
527
1
