479
467
361
375
369
292
660
137
649
110
571
403
610
405
592
151
626
427
402
351
107
455
256
376
325
567
104
264
573
625
59
24
92
50
506
516
124
58
160
333
99
359
141
276
286
98
270
451
278
166
350
633
356
299
11
79
165
189
358
246
661
627
372
57
275
528
6
145
480
600
23
40
486
395
119
637
476
452
654
638
465
344
346
32
542
466
158
620
171
200
470
449
234
146
428
33
530
647
441
35
308
521
303
644
186
611
93
224
177
159
307
230
78
362
353
175
311
5
214
298
378
41
484
432
108
485
496
499
515
3
420
543
318
426
659
188
297
56
642
49
36
431
491
568
438
544
407
534
161
490
536
176
345
232
251
180
249
578
210
454
554
17
190
194
84
268
182
195
399
547
401
143
18
446
31
527
355
302
590
538
157
591
636
653
517
9
198
502
89
148
489
623
448
272
291
273
212
640
12
639
380
301
586
373
363
240
97
127
572
296
279
253
608
663
396
197
468
74
379
614
85
45
381
77
463
170
118
96
364
400
473
269
203
202
555
662
260
209
603
38
439
562
254
540
123
102
532
103
293
370
310
411
635
16
512
658
545
415
561
126
469
481
44
385
271
125
589
258
377
397
348
652
596
334
105
306
634
514
20
37
511
122
285
434
316
630
437
546
88
48
450
529
219
63
488
579
223
173
335
52
1
390
130
607
239
284
509
550
68
300
443
144
440
228
601
328
183
533
82
349
281
39
193
87
153
217
111
71
322
304
460
274
398
424
252
61
436
28
67
583
585
520
565
172
504
15
94
315
225
229
149
413
114
643
522
69
54
367
580
628
419
168
409
150
70
22
564
191
247
453
265
140
81
576
383
393
371
263
205
283
418
388
508
631
595
142
267
116
155
559
138
366
30
329
391
368
100
237
90
185
570
382
503
577
259
374
208
235
53
10
632
563
132
487
560
421
408
339
218
539
26
340
0
494
622
131
211
497
619
187
493
605
331
337
447
42
618
206
245
500
597
387
221
566
495
327
513
656
582
129
336
201
181
192
548
475
357
433
2
233
227
60
238
14
321
290
602
120
360
231
410
65
575
471
599
365
613
287
135
288
257
75
650
541
477
47
244
422
243
305
587
86
314
535
507
289
121
34
295
457
80
179
343
386
425
531
557
412
7
556
524
134
19
414
342
537
392
163
222
236
117
657
510
404
280
43
169
474
332
384
83
215
574
430
330
552
147
594
313
551
444
616
91
277
445
320
21
326
266
204
250
615
109
112
101
581
115
505
347
207
13
655
226
389
248
584
462
76
262
73
429
317
261
106
162
64
648
312
156
423
498
152
341
651
629
136
478
492
501
338
4
323
609
196
95
8
55
294
199
46
113
417
518
406
309
617
282
128
482
174
621
645
604
216
416
319
62
255
569
646
526
164
606
354
435
641
25
184
66
51
624
459
464
549
472
178
72
612
352
558
242
525
220
588
139
213
167
241
154
442
133
458
324
519
593
29
394
461
27
523
598
456
553
483
