609
607
555
631
195
465
530
146
439
308
543
63
363
124
24
101
377
626
139
270
652
52
156
299
199
220
118
334
325
279
661
527
232
332
540
541
91
460
75
481
144
623
340
479
392
605
532
180
566
309
461
595
141
115
322
467
549
40
219
215
562
230
36
157
213
551
523
585
443
600
55
320
314
537
421
247
23
190
362
459
239
287
153
289
614
356
593
100
611
553
468
411
318
542
48
3
507
5
67
43
462
569
625
613
42
109
209
224
655
117
61
155
214
103
657
610
301
489
217
335
497
414
390
226
39
189
154
535
636
608
618
113
96
203
136
638
74
528
274
312
208
581
31
282
603
169
446
405
134
62
597
72
316
490
594
622
111
612
315
204
351
561
663
133
423
273
285
425
418
343
368
25
10
170
598
15
587
365
464
333
355
191
223
83
26
643
658
254
463
445
57
434
266
258
476
317
648
14
656
167
225
326
447
245
185
504
120
319
280
8
296
160
183
94
271
18
513
592
260
305
358
291
580
105
639
381
385
114
448
620
200
4
129
122
515
99
403
524
240
428
591
81
231
606
484
451
452
251
59
324
457
588
1
642
313
590
659
393
584
422
161
173
188
262
60
399
80
102
17
21
599
510
499
22
596
477
518
628
234
348
544
482
624
442
441
71
572
650
586
90
378
297
413
281
135
575
16
498
514
187
404
435
30
526
38
349
357
206
619
397
237
294
216
478
263
601
429
534
233
293
493
353
560
87
563
227
179
453
475
46
568
505
552
547
380
621
56
172
132
11
496
653
577
149
140
466
50
344
329
58
449
660
374
257
177
255
635
662
474
578
506
221
409
19
554
364
350
450
508
472
108
536
433
131
376
70
582
339
176
178
564
303
290
571
277
525
647
386
492
13
371
410
615
539
174
98
644
432
494
485
158
130
546
244
259
501
306
2
207
276
152
123
229
469
93
88
116
79
634
379
249
354
311
97
27
65
391
574
454
278
121
567
168
272
420
44
394
302
389
361
533
538
77
205
419
440
304
164
51
632
579
171
37
147
9
330
519
194
264
509
430
502
47
201
522
633
602
275
243
436
283
78
346
654
424
181
503
336
438
337
456
119
104
192
375
202
248
286
512
107
517
327
268
34
20
35
127
54
352
252
175
73
261
398
6
33
630
416
565
32
556
166
211
76
198
637
222
516
360
193
148
521
406
604
359
85
69
328
342
126
369
142
137
292
53
396
307
236
128
84
444
82
486
495
41
427
483
383
210
458
545
12
250
589
529
431
253
511
288
267
347
576
106
196
557
384
86
649
284
641
470
531
548
402
92
583
7
387
295
338
417
407
372
321
437
150
487
186
480
640
331
45
238
218
370
426
491
151
415
412
616
651
228
550
646
645
125
408
558
242
68
197
341
64
112
241
323
488
66
388
395
212
29
246
382
570
617
145
366
159
573
373
520
163
89
455
49
269
627
28
110
629
298
500
184
400
265
300
471
310
256
367
0
162
345
138
559
401
165
143
182
473
95
235
