205
171
549
94
245
311
355
265
208
551
126
135
338
246
655
58
337
233
174
68
294
437
9
361
382
279
517
593
131
329
164
209
281
597
444
212
592
418
180
508
184
398
544
53
423
251
522
70
605
11
332
152
124
21
193
606
80
47
503
134
49
556
72
513
413
241
560
280
559
446
210
392
307
561
160
299
461
536
546
67
641
482
502
71
301
531
575
449
3
651
582
369
659
574
596
486
510
121
383
295
308
318
397
199
464
438
282
468
52
581
631
120
550
285
454
257
349
112
100
303
410
586
471
351
453
459
324
56
352
60
35
563
427
436
148
222
569
306
31
389
154
340
629
74
385
333
458
150
509
248
543
600
195
578
127
73
290
534
475
155
93
220
400
595
125
530
313
479
591
632
493
162
654
128
650
114
660
223
44
263
408
541
516
652
645
64
377
626
567
376
10
322
602
644
55
293
32
157
145
494
89
409
258
473
539
375
254
320
373
167
450
573
317
289
50
379
159
620
113
428
217
29
566
604
481
85
168
229
521
239
305
442
603
634
613
15
92
326
653
43
505
111
325
316
214
554
380
2
230
194
82
216
252
266
136
130
365
647
249
525
465
221
48
608
253
448
273
330
156
491
166
319
538
633
76
13
339
173
201
183
108
414
137
630
138
511
609
298
20
384
213
69
564
558
270
61
225
6
237
490
527
649
390
176
419
250
393
54
188
368
497
656
431
242
636
51
274
179
328
247
269
139
140
646
518
403
170
577
256
40
648
476
394
366
359
607
304
432
625
638
206
39
163
462
192
143
57
489
417
528
297
292
345
542
637
63
367
354
360
227
142
346
547
287
236
331
141
151
146
149
470
401
284
529
495
572
147
571
507
302
14
219
364
519
327
41
616
28
341
45
177
267
429
411
238
17
211
399
75
532
202
104
533
588
37
262
99
90
178
260
642
562
610
478
110
165
548
244
496
96
88
335
415
300
474
277
197
612
175
387
275
585
441
460
191
122
132
103
370
480
570
443
271
483
226
658
404
584
590
611
621
261
488
347
18
583
555
371
381
25
218
402
5
580
463
623
204
487
472
627
395
23
615
215
350
26
291
553
407
102
594
181
439
501
310
107
425
172
77
520
662
198
391
62
276
469
182
614
46
231
601
98
343
372
362
79
158
540
552
426
477
363
386
243
434
378
272
36
416
526
424
65
34
456
353
334
643
440
240
412
452
579
144
420
278
296
97
84
123
661
457
106
83
203
374
640
4
161
235
405
466
336
598
565
639
312
133
500
568
321
587
557
342
663
12
187
545
87
524
259
59
288
33
283
504
315
388
599
485
24
492
576
101
224
422
234
323
190
406
535
619
196
153
19
232
498
1
445
81
348
22
358
264
309
105
119
357
186
512
0
537
617
189
314
523
116
455
27
451
657
622
506
95
467
129
255
268
635
344
514
396
169
589
515
228
286
115
447
7
484
185
200
86
8
118
499
66
356
618
78
38
16
433
430
42
435
207
117
91
421
30
628
109
624
