325
436
53
422
340
204
60
154
430
271
233
275
153
344
360
5
38
248
26
230
245
232
203
309
135
114
20
11
137
23
262
416
350
410
218
129
16
241
100
123
243
45
378
199
207
14
444
305
326
219
257
435
335
421
260
52
287
366
31
313
65
264
330
370
293
246
183
104
36
333
383
197
83
414
386
32
434
353
397
196
34
71
102
67
198
47
125
311
46
401
258
151
336
423
116
259
174
86
419
363
7
238
50
41
420
159
178
304
365
163
431
63
298
188
37
371
244
17
351
266
119
402
156
27
319
226
15
176
411
91
134
240
442
59
307
272
406
57
443
108
374
250
112
88
170
254
438
441
0
415
391
269
28
375
210
130
152
24
296
284
328
208
433
42
362
303
265
55
127
143
343
109
122
334
13
396
228
96
200
429
359
347
376
202
177
358
277
33
300
221
223
388
227
377
191
251
352
169
56
348
89
418
432
440
87
234
428
341
139
133
150
95
181
180
79
314
74
120
297
70
160
105
62
209
58
173
117
190
278
384
30
12
385
66
349
316
110
282
93
165
175
417
342
280
168
267
187
54
136
327
77
216
268
145
107
49
331
147
308
306
290
118
195
425
43
124
329
395
302
44
337
131
6
186
288
162
84
2
320
126
317
294
215
113
427
283
387
424
381
252
205
323
211
345
51
213
346
90
247
146
142
222
364
1
128
389
97
390
193
399
72
439
25
182
40
312
201
279
404
185
339
315
321
292
85
206
73
98
115
299
291
400
393
270
361
192
3
80
256
78
101
179
380
229
157
236
231
437
158
144
171
155
19
373
212
167
408
392
103
29
166
75
76
235
225
274
106
372
10
355
161
407
249
322
412
368
48
239
369
8
4
332
140
289
92
357
405
409
64
189
286
39
81
310
149
295
403
99
148
261
263
94
121
253
61
338
141
356
9
22
214
273
18
237
138
111
426
367
35
69
379
184
413
82
318
301
220
68
276
255
21
242
324
164
382
398
285
132
281
394
354
172
194
217
224
