8
374
28
179
382
340
393
62
208
41
303
257
126
284
39
403
287
195
432
220
211
227
290
428
159
363
240
344
423
433
341
431
140
87
56
246
112
330
34
385
339
250
204
221
214
184
439
32
228
402
422
229
318
358
247
78
294
320
437
119
390
412
430
231
99
263
272
7
80
48
311
43
11
407
171
343
1
370
75
38
395
168
127
434
131
399
299
182
350
346
383
309
37
104
100
253
387
5
122
270
120
212
85
372
413
82
380
144
145
185
280
133
180
178
218
10
3
292
53
436
389
236
21
18
405
207
391
265
332
24
252
58
64
137
16
345
199
156
347
359
315
376
216
132
166
6
420
141
42
61
151
158
364
368
152
400
260
134
306
435
304
23
108
396
69
351
25
328
147
128
206
9
443
4
321
313
297
388
373
444
361
286
255
223
167
102
194
442
110
162
149
98
17
76
342
84
153
267
353
411
327
157
335
296
397
113
421
22
186
57
165
192
81
45
150
66
355
410
51
123
44
72
15
70
77
232
2
261
55
181
86
357
91
238
300
59
271
424
169
375
322
121
237
323
94
348
278
136
408
416
96
331
88
224
365
47
191
274
198
71
35
12
285
379
338
409
200
176
161
295
427
29
103
130
139
235
101
117
334
83
394
175
116
392
438
189
31
118
417
377
109
138
302
256
187
125
50
268
65
92
244
425
107
266
418
319
269
19
164
404
114
106
233
209
33
219
384
386
154
14
13
291
414
245
90
74
360
155
337
225
367
73
440
429
63
325
258
308
307
68
197
289
251
366
172
314
177
324
146
79
262
30
205
277
398
124
193
230
190
248
52
40
312
188
173
254
202
426
210
275
249
36
89
317
67
97
222
93
46
203
279
305
26
135
336
217
298
54
148
441
371
316
381
239
264
201
369
242
273
401
326
174
49
95
183
283
129
143
310
362
20
288
378
105
0
243
142
281
115
329
333
301
213
419
27
60
170
215
226
293
349
163
276
160
241
354
196
356
111
282
234
352
415
406
259
