402
10
264
269
261
33
71
220
307
39
424
265
151
353
356
187
320
275
276
437
395
211
152
43
53
106
132
77
338
257
181
164
128
103
92
277
69
26
259
369
407
117
116
309
210
52
23
317
422
305
268
432
67
324
143
222
359
147
27
64
2
358
333
344
292
439
367
441
227
146
91
7
298
235
258
191
58
171
368
9
136
59
329
184
230
173
28
229
141
404
314
266
405
284
80
433
285
98
201
306
386
372
393
74
87
279
0
431
1
361
93
127
32
224
384
168
118
63
228
85
35
323
55
134
435
16
123
377
212
167
378
256
122
11
113
142
104
370
362
380
406
231
301
161
247
411
60
331
418
25
288
434
271
444
416
180
8
157
428
313
225
50
66
240
251
155
388
365
62
38
297
138
202
65
363
198
101
234
364
237
310
355
401
166
425
332
176
246
30
217
185
295
68
274
273
15
315
137
75
44
154
114
267
387
345
289
260
243
318
233
148
223
200
283
78
340
192
178
17
442
24
84
105
193
379
119
394
109
214
34
158
208
286
389
255
216
403
218
254
14
410
417
312
150
413
108
383
204
190
76
145
72
99
20
294
213
51
45
350
351
133
130
165
182
438
278
56
248
90
397
360
308
366
327
70
239
346
89
419
300
335
13
299
126
290
79
263
22
48
162
226
40
144
29
140
197
385
325
46
321
374
31
12
96
250
203
121
159
219
293
47
97
107
49
270
6
177
426
252
336
373
342
429
421
357
86
408
21
409
186
115
330
341
391
205
396
169
18
287
19
189
371
272
172
427
242
112
156
73
420
221
175
302
153
337
179
382
100
244
5
334
423
375
139
135
376
110
343
381
412
348
81
41
129
440
280
238
83
124
195
352
319
398
281
94
111
160
241
232
311
296
354
430
415
349
245
328
215
249
37
149
326
183
95
125
262
291
436
400
347
61
199
4
36
188
131
339
253
316
3
88
414
57
196
207
282
209
236
82
42
120
163
322
54
392
304
399
102
390
174
194
170
206
443
303
