38
137
334
404
205
312
118
89
49
299
370
442
422
57
50
262
322
73
332
41
253
184
255
45
368
250
272
373
120
75
85
107
309
314
313
154
317
152
105
212
82
271
427
28
121
179
260
2
183
167
241
8
301
191
302
135
196
136
308
70
84
27
16
339
344
171
218
400
40
355
4
124
131
290
34
185
90
337
235
240
197
119
429
436
87
278
15
122
29
96
346
55
21
356
163
93
261
214
3
243
190
350
130
193
32
77
435
104
68
341
384
194
423
203
284
204
14
358
30
432
440
177
150
174
195
315
98
379
327
286
294
345
216
215
264
209
247
416
398
324
412
173
285
170
393
267
296
304
79
396
357
443
359
141
106
5
10
249
406
74
292
6
225
39
198
418
164
22
134
410
108
426
279
390
353
277
364
72
114
47
323
116
231
325
59
12
43
424
83
408
388
65
69
434
192
244
113
112
392
20
182
377
66
142
51
36
123
158
391
367
385
187
94
237
188
403
211
67
86
159
166
60
236
125
270
233
71
1
266
95
382
348
160
365
44
102
54
7
227
293
162
376
258
239
318
328
35
111
363
78
46
202
430
281
362
33
157
232
409
234
76
48
146
110
101
361
282
165
156
56
343
351
143
11
371
303
242
306
387
246
273
444
144
126
297
117
100
342
161
263
223
437
53
9
274
336
207
252
335
330
295
58
411
219
88
251
186
31
372
201
311
254
221
23
245
80
265
62
128
13
64
439
248
208
415
366
103
405
224
81
374
352
222
378
210
419
176
230
291
220
329
138
288
431
206
420
52
181
139
269
168
92
298
354
169
238
259
425
407
91
414
389
228
180
172
200
333
25
175
316
127
338
153
394
417
438
217
213
402
0
37
395
280
257
256
383
155
115
178
133
24
331
42
321
386
226
61
340
97
326
140
428
307
287
189
268
319
19
132
375
147
148
399
347
369
310
151
413
99
349
401
397
229
283
63
276
300
26
18
145
289
305
109
320
275
129
441
433
381
360
199
17
380
149
421
