56
165
184
252
70
408
120
88
273
388
338
398
383
82
14
136
116
29
188
425
1
0
251
371
73
322
240
171
121
218
321
357
360
104
16
418
63
302
243
114
87
193
50
105
12
320
419
369
334
110
256
317
27
436
233
77
64
61
267
327
331
227
129
401
186
31
115
140
107
345
361
409
236
301
152
198
363
314
141
305
192
257
172
385
194
57
53
216
377
438
18
90
55
103
268
133
30
281
299
124
4
283
81
94
151
310
306
162
33
106
83
426
150
255
352
185
117
406
437
17
421
362
176
223
32
144
11
303
128
396
238
412
78
304
269
387
37
212
202
254
420
376
270
378
263
373
138
325
410
54
395
24
207
22
108
134
195
386
98
9
384
229
51
414
258
72
15
215
217
46
276
344
231
335
381
146
93
431
200
439
143
148
38
42
85
219
208
180
99
392
326
189
297
343
26
139
417
58
286
43
145
323
333
379
126
161
235
112
403
60
315
211
39
309
347
342
359
168
440
230
423
221
67
275
7
274
160
444
71
370
237
380
95
6
113
329
264
430
428
407
181
350
23
203
191
413
279
47
234
123
2
288
293
280
41
284
424
142
45
443
295
353
164
137
183
433
294
169
127
213
153
341
308
158
10
89
154
68
285
241
400
5
351
393
242
35
248
3
166
328
13
394
228
205
122
367
390
80
272
190
109
59
389
66
220
397
298
197
313
8
20
226
224
201
187
262
92
135
170
74
21
312
76
222
19
375
349
330
34
209
290
364
102
250
149
265
84
415
382
91
287
163
246
118
435
260
292
52
300
97
411
214
199
289
75
442
239
427
49
174
96
318
282
368
157
62
316
372
178
374
179
253
69
391
259
441
244
366
177
348
245
28
79
354
271
319
336
346
65
173
324
365
111
159
206
147
125
332
101
40
182
225
422
277
340
355
155
130
266
196
404
247
402
175
119
429
399
25
434
339
358
86
356
44
167
337
131
156
232
296
432
291
405
311
36
416
48
100
261
132
278
307
210
249
204
