115
141
62
198
149
159
51
152
184
106
188
26
178
131
98
38
179
24
25
99
12
142
155
167
197
100
36
180
157
105
48
90
181
84
195
158
103
35
154
66
91
156
176
172
146
76
23
122
53
129
5
50
10
65
171
161
201
200
11
96
79
63
202
47
0
56
151
29
75
70
43
58
72
196
27
92
2
175
64
68
81
61
54
166
28
203
15
120
144
42
153
168
104
102
123
164
194
87
46
21
39
119
40
97
165
162
8
19
17
147
108
173
183
125
140
138
7
111
128
49
89
117
6
150
182
132
31
148
160
16
174
14
18
133
1
130
80
44
101
59
55
163
37
110
60
20
186
134
57
187
127
45
93
52
74
30
83
137
71
32
193
95
77
121
73
112
67
94
4
82
3
145
126
107
169
192
189
41
85
143
116
9
170
113
88
69
135
124
139
109
185
33
190
199
13
177
78
34
136
191
114
86
118
22
