7
22
96
174
66
198
179
141
5
32
42
175
91
56
41
126
162
25
114
182
75
160
199
201
200
111
103
195
97
18
176
110
47
11
68
109
80
177
185
74
76
116
3
57
59
142
14
197
173
120
85
83
95
65
183
6
52
203
133
40
35
184
60
188
30
131
108
63
186
15
102
71
156
62
155
34
149
55
19
104
33
100
51
20
150
70
46
124
44
151
137
129
37
145
161
138
170
31
64
61
113
153
169
180
89
12
92
79
118
88
122
48
107
158
119
190
17
191
105
13
123
10
58
21
23
127
139
132
28
93
178
77
106
43
130
67
166
50
163
8
148
181
152
167
115
164
112
81
16
29
125
192
26
94
72
73
159
98
193
189
121
1
39
196
135
134
187
69
117
171
38
146
36
172
86
78
140
53
168
87
128
0
84
90
157
194
9
45
82
165
147
4
24
202
49
143
54
144
154
136
2
99
27
101
