19
29
192
47
115
183
119
72
163
21
125
103
80
45
113
144
3
180
17
175
160
41
44
39
159
9
86
85
89
121
190
95
112
42
139
107
169
188
104
34
149
36
60
202
182
168
82
199
31
145
93
172
98
63
198
200
141
191
167
81
20
131
79
32
1
94
4
14
129
97
154
83
133
138
75
132
15
50
58
101
170
53
127
71
166
128
100
66
109
146
155
151
116
12
22
96
114
8
178
30
67
164
87
35
153
111
25
203
49
197
110
142
130
186
117
27
74
37
106
147
184
73
57
102
122
0
171
181
55
88
123
189
173
78
77
134
90
118
43
177
162
6
46
135
65
7
54
193
51
120
64
156
105
176
70
195
28
196
124
56
92
152
23
16
61
26
174
13
187
185
108
91
84
59
126
76
11
5
158
161
165
148
2
24
157
143
140
99
179
137
52
68
10
18
194
69
40
201
33
150
48
136
62
38
