190
13
32
74
61
9
145
189
186
47
40
135
201
23
78
143
130
98
124
62
162
169
113
66
26
171
181
69
76
16
177
138
119
151
191
55
21
30
142
164
179
105
93
5
115
141
51
123
131
36
184
33
4
52
149
122
7
48
34
110
193
161
146
178
28
176
44
81
8
109
86
172
85
75
180
121
100
197
118
87
37
155
15
160
3
103
67
24
129
41
202
165
60
57
126
133
198
39
199
18
22
31
136
163
64
159
58
175
42
80
50
156
128
167
35
82
19
106
195
194
137
17
139
132
6
68
125
46
196
10
49
63
29
174
112
187
54
107
114
77
152
73
71
14
1
101
99
144
88
27
188
79
157
150
158
185
83
59
108
56
25
38
127
90
148
120
104
96
116
53
173
203
84
45
43
182
12
94
153
140
89
192
117
92
2
97
91
102
20
154
134
70
72
168
111
166
65
0
95
11
183
147
200
170
