47
110
42
168
176
137
53
152
158
66
10
131
185
171
111
162
153
138
28
61
184
56
31
88
103
140
155
179
109
172
72
24
58
87
2
200
11
148
82
156
14
161
81
36
165
0
133
108
95
119
12
195
15
189
143
13
198
63
57
68
77
94
16
150
33
127
129
19
65
186
21
64
177
112
154
181
141
114
18
135
26
74
23
27
99
83
157
3
20
163
69
149
90
105
126
1
192
49
182
197
170
30
92
164
178
43
91
78
201
93
187
146
76
142
67
104
118
7
60
39
144
41
107
188
59
55
180
46
183
194
73
123
167
151
100
98
134
34
175
106
25
115
130
128
86
160
117
203
124
50
35
38
101
85
9
159
136
48
75
80
45
120
51
22
113
54
145
4
52
44
196
5
8
191
79
122
84
174
29
40
166
89
121
102
169
96
6
32
97
190
125
71
139
147
70
17
199
37
202
193
62
116
132
173
