199
113
151
97
160
142
92
21
125
81
161
44
170
74
171
43
137
16
88
27
52
130
19
194
24
123
18
154
143
54
101
112
148
138
158
128
168
156
61
58
67
198
5
17
86
36
55
183
186
32
197
57
7
196
77
84
13
131
70
42
203
71
34
181
78
209
172
53
124
110
190
155
195
79
4
56
91
47
11
14
106
50
99
46
139
6
144
129
76
8
201
30
1
25
73
169
96
23
38
184
15
166
180
48
146
10
64
133
188
126
115
116
114
39
66
108
164
2
202
109
167
193
26
94
121
51
90
0
150
87
9
173
59
135
29
85
179
207
149
175
176
117
177
107
111
157
208
82
100
127
140
152
185
63
165
147
105
145
134
41
104
75
132
80
60
178
162
45
102
33
22
72
187
95
93
68
163
69
31
83
12
20
174
49
141
200
136
62
120
103
189
3
98
122
118
192
182
191
35
119
37
206
89
65
28
205
159
153
40
204
