107
199
187
198
117
121
10
161
149
181
165
93
20
183
15
58
191
29
162
59
4
178
118
39
144
41
90
56
153
85
57
97
42
190
164
208
203
122
46
92
200
40
184
79
169
143
32
91
11
6
54
33
5
173
95
101
69
176
94
1
204
137
116
82
145
206
188
51
120
21
141
114
74
207
167
119
142
177
14
146
158
96
174
175
102
201
193
45
189
163
24
13
133
209
100
47
103
49
17
61
155
88
123
179
180
127
197
192
131
84
12
55
105
75
99
0
111
147
195
86
19
186
135
31
26
77
38
36
108
89
35
139
134
106
25
7
60
83
159
182
62
44
52
205
140
110
138
43
18
170
125
185
71
34
150
126
202
2
70
8
68
73
81
50
172
16
64
124
76
72
109
3
66
166
115
48
168
196
194
112
27
9
136
63
160
157
152
171
156
53
30
132
151
80
128
104
23
130
67
78
154
28
113
22
37
87
65
129
148
98
