20
144
98
120
173
75
165
122
194
13
200
198
11
135
115
32
145
163
8
44
69
49
26
186
39
12
43
207
114
66
47
137
190
67
96
7
109
154
64
169
117
105
108
4
127
100
17
183
110
80
10
182
74
31
116
152
179
112
37
40
95
133
29
21
172
158
157
185
132
77
151
136
86
53
38
2
45
123
71
24
63
208
106
93
54
192
97
197
57
48
176
146
199
33
124
58
22
85
143
42
41
164
130
52
195
9
181
60
193
121
162
202
88
168
65
113
19
72
30
134
205
6
126
23
196
70
204
104
188
84
167
78
62
140
3
101
14
103
203
159
177
170
160
139
171
73
166
35
51
129
175
61
111
89
15
153
91
178
83
102
161
16
138
25
142
87
34
99
191
46
28
82
76
125
209
148
174
201
92
68
50
94
55
1
184
79
0
18
131
128
56
118
59
180
141
156
149
107
119
187
36
5
147
206
155
150
27
189
90
81
