174
74
48
1
162
60
75
98
46
7
25
167
86
58
44
99
207
196
65
118
126
100
64
140
173
51
183
22
136
54
34
91
142
179
69
153
106
143
107
12
171
181
92
172
104
41
182
184
134
201
185
204
28
8
23
38
194
155
186
50
128
125
29
195
42
189
131
114
138
45
190
205
156
161
17
82
145
72
137
57
59
40
52
200
168
188
187
109
10
56
27
88
71
5
24
119
124
120
129
160
85
206
209
141
18
175
164
148
151
47
6
165
53
19
32
133
94
158
61
26
78
139
178
68
14
93
130
193
84
199
3
37
112
39
122
77
146
89
166
202
63
180
108
132
0
110
152
176
9
76
163
31
103
208
121
83
149
170
192
198
15
80
105
177
79
97
115
36
113
90
35
73
111
150
62
20
159
127
169
66
87
81
135
144
123
157
101
96
21
70
2
4
117
95
191
43
49
11
67
30
33
197
154
102
147
116
203
13
55
16
