121
18
199
12
182
201
7
89
94
69
100
135
81
209
102
66
43
154
193
33
84
115
122
143
80
86
30
116
34
5
2
203
56
58
161
51
144
128
95
8
72
165
137
194
147
71
175
153
98
148
202
41
38
164
176
109
208
145
47
35
190
207
198
189
16
112
20
24
103
21
187
138
11
93
45
77
73
63
180
107
70
50
174
49
159
59
141
67
117
26
36
6
61
192
92
156
204
146
78
184
14
136
0
75
172
105
142
129
19
163
55
185
131
37
106
155
139
133
160
200
27
171
96
150
65
97
57
42
29
132
152
88
188
206
25
181
191
110
104
85
99
169
119
197
9
46
44
120
48
118
167
17
157
3
87
64
196
178
82
168
52
32
134
140
125
23
158
1
123
186
205
108
170
114
130
40
90
76
113
53
39
31
124
179
60
10
173
149
177
13
15
4
127
183
111
74
68
62
54
83
151
101
162
126
79
166
22
28
195
91
