102
155
7
124
53
56
20
145
137
95
38
200
203
69
107
182
9
17
122
5
132
24
59
208
58
33
44
219
139
67
141
68
29
213
174
104
14
146
105
165
133
149
6
158
86
72
93
220
131
177
61
210
84
196
23
135
169
77
214
78
166
70
62
80
106
1
164
148
216
111
31
118
134
185
144
116
128
13
222
88
65
191
147
179
63
170
64
10
55
101
125
32
192
186
153
206
15
211
87
45
18
178
215
40
201
142
202
79
94
89
103
110
117
12
113
83
187
194
162
50
51
167
198
138
180
97
60
8
66
156
27
172
46
209
197
119
0
35
176
85
151
25
21
74
188
221
126
36
73
42
189
129
121
57
108
109
30
41
91
96
190
160
71
127
207
163
120
217
181
157
2
37
82
34
183
123
75
161
175
76
168
43
81
112
48
140
184
212
195
52
19
98
171
11
205
54
130
115
49
28
204
26
136
100
47
159
150
154
39
16
193
114
152
199
22
92
4
218
99
173
90
143
3
