181
177
62
125
23
10
90
137
189
32
72
30
54
169
138
33
48
152
204
131
35
148
65
0
119
217
105
87
49
39
193
154
98
128
64
25
89
50
190
86
129
20
202
94
102
196
9
67
214
171
107
216
21
164
198
110
170
123
113
153
200
74
155
203
166
111
60
80
127
139
186
147
7
69
194
117
174
95
66
101
108
179
51
55
142
57
78
75
130
151
183
126
208
103
61
46
156
219
45
158
220
96
184
182
133
29
188
192
13
104
68
24
2
12
28
160
41
34
56
157
140
146
83
207
76
91
205
19
109
118
106
124
132
178
218
195
15
149
112
16
59
212
162
136
209
100
210
43
1
141
58
40
221
82
85
172
93
167
176
165
211
31
206
168
134
84
8
135
81
215
27
4
144
191
38
116
73
197
11
201
185
222
150
3
175
187
44
53
18
37
122
36
143
114
47
52
173
99
17
159
121
92
22
6
5
14
120
180
199
71
77
161
213
70
163
145
42
26
97
115
79
63
88
