170
144
13
68
82
4
39
30
37
165
186
45
184
97
14
166
27
172
148
25
19
126
67
164
61
173
116
23
212
167
6
194
40
202
119
95
17
151
110
21
195
20
56
128
130
123
48
73
70
169
38
60
168
150
139
181
22
31
152
209
24
1
218
10
63
86
90
153
220
108
133
189
156
157
29
162
18
98
127
104
215
204
182
53
187
147
146
83
2
118
203
219
109
140
54
62
102
183
134
198
58
158
180
210
85
201
171
49
34
154
79
179
211
114
69
55
155
213
177
138
81
44
8
91
197
76
115
137
199
190
206
11
174
84
59
16
96
159
125
99
7
94
66
124
145
9
35
214
135
207
141
51
129
208
41
143
42
161
80
217
222
32
57
103
121
221
65
111
64
33
47
74
101
12
149
191
200
132
188
88
163
136
216
52
89
175
107
92
0
43
122
112
77
26
142
192
185
36
75
131
196
120
117
113
46
28
193
93
100
87
71
78
160
3
205
105
5
176
15
72
50
106
178
