187
192
184
143
188
74
110
198
199
134
75
29
55
0
180
104
87
51
26
15
200
182
40
39
133
191
66
145
70
215
150
69
14
221
158
181
114
94
59
107
153
96
152
64
189
207
3
208
21
124
10
202
16
50
147
91
41
151
8
57
46
135
90
179
45
36
65
27
154
84
170
211
194
103
80
148
163
174
78
220
61
125
121
24
157
160
89
99
169
140
108
218
197
196
60
77
37
190
212
183
166
156
71
146
123
206
1
115
101
7
28
116
42
32
137
81
131
209
178
139
141
177
73
31
127
113
68
22
217
136
56
53
88
105
201
171
13
162
12
222
49
213
2
186
85
149
67
63
120
19
173
126
44
82
142
216
20
30
193
100
175
9
109
38
128
92
210
112
195
95
165
35
79
144
98
76
102
23
167
62
58
33
4
52
203
161
6
47
118
204
17
34
83
164
155
219
168
138
172
72
106
18
48
185
214
122
111
54
176
11
119
130
205
132
159
5
43
86
25
97
117
93
129
