156
91
89
37
113
179
217
12
25
185
108
134
143
9
22
23
189
199
105
87
14
48
77
215
172
31
44
33
5
67
198
82
19
169
213
96
75
93
35
173
210
24
148
51
107
95
153
137
204
139
155
92
205
174
17
118
90
100
120
10
220
63
146
147
85
178
79
76
104
94
43
209
145
181
201
162
80
69
157
125
140
130
138
206
171
154
74
62
121
196
212
102
6
73
208
184
88
211
70
124
72
141
66
81
78
0
110
176
214
26
106
161
54
132
68
221
190
57
8
101
83
16
163
170
42
45
50
34
29
103
180
135
59
160
142
117
144
60
36
222
18
218
166
64
197
191
46
53
7
129
202
97
21
126
216
28
159
116
168
194
56
49
15
20
186
175
114
61
192
1
177
158
4
115
84
136
193
195
152
167
164
165
112
47
38
119
3
86
219
151
27
71
11
187
58
39
131
123
13
30
65
122
98
133
183
32
128
127
40
207
150
52
99
55
2
182
109
149
111
203
188
200
41
