569
964
177
112
1108
431
1109
110
1355
58
1075
622
134
436
1175
428
200
1168
238
1158
787
1294
33
1001
387
779
46
906
883
1112
474
1239
206
591
129
1218
872
1273
722
432
1038
1193
874
318
155
986
1226
520
753
1172
712
523
858
354
1374
968
487
1018
612
881
164
442
1204
443
1196
30
744
604
562
378
763
319
882
796
43
44
1079
210
806
220
1331
725
770
1263
1298
273
299
244
1353
733
505
1145
1388
791
1364
126
1362
928
1088
890
1339
889
1066
424
348
848
814
108
331
1376
1319
35
69
1036
990
1130
1191
1009
1363
805
1144
667
98
1110
295
270
670
259
444
236
956
1238
193
893
426
785
536
1179
1171
574
52
1216
65
896
649
960
54
756
711
26
1301
284
283
476
950
939
88
741
729
886
377
219
1400
904
103
1370
1222
863
1315
40
190
1366
844
998
909
484
1325
589
472
435
1016
599
970
234
843
1326
1307
491
310
865
891
1069
974
1121
117
1152
1186
96
1177
1387
1375
114
389
56
1034
526
846
314
905
194
675
820
231
45
169
525
963
500
10
511
1295
1026
686
459
1074
606
534
608
775
394
313
1244
72
258
977
128
1081
116
1251
174
1015
1223
465
402
158
789
1057
425
1089
358
225
338
160
535
176
113
997
845
303
226
1252
496
351
397
340
680
949
195
396
703
1071
773
0
931
1247
641
1312
815
308
571
481
433
800
1271
613
980
1041
1232
1318
38
139
1062
572
764
451
111
121
247
1061
632
600
452
1359
824
141
731
31
1143
616
728
265
748
1160
368
473
625
1147
937
553
539
560
241
687
254
894
84
1344
1401
446
167
1188
598
168
106
895
1166
878
1174
1030
644
926
1084
1306
1053
528
260
294
922
1050
1212
199
391
100
719
97
841
677
1111
551
335
125
1329
916
925
115
1264
1254
285
823
64
230
166
734
663
944
1241
395
1340
1235
252
836
202
1131
1303
735
856
962
1205
490
965
222
301
830
602
1243
183
1361
912
636
290
987
544
788
958
819
951
101
1117
1099
1211
929
90
681
379
959
1390
334
862
545
1031
730
423
954
289
633
1028
178
280
146
309
271
825
1199
161
537
529
547
746
573
1027
859
902
398
468
328
631
727
1011
866
151
1275
769
615
414
1354
159
683
1118
578
1334
1242
876
1120
1114
227
1229
1231
810
498
989
585
7
192
455
1373
601
1180
1369
438
652
611
583
347
1048
16
175
95
324
861
1358
992
83
595
777
480
392
142
1013
1060
217
233
689
123
407
418
1341
1291
1022
1270
1101
322
1008
1272
1124
555
532
18
658
1399
27
94
229
205
464
305
109
1153
704
369
952
232
614
1024
646
1245
1335
91
530
694
957
1056
706
145
637
365
93
268
162
401
976
531
87
920
404
477
755
522
1279
1032
568
1365
985
1323
333
592
1269
499
1047
1343
953
1237
1078
1113
343
102
1094
13
774
915
2
1167
413
659
99
653
21
131
1054
197
384
352
1250
462
1185
1064
1165
235
47
127
441
440
1021
1136
1302
620
673
182
1025
75
482
833
153
304
1367
1249
89
737
804
678
834
1214
1132
242
752
211
1127
758
321
768
78
281
1
17
434
554
1378
512
1332
29
765
757
456
1037
1280
427
410
835
745
1140
1052
910
1386
1138
1135
1322
485
400
1296
1274
1128
1320
1267
645
315
1292
390
1346
367
1157
122
682
700
1142
1396
450
1049
1207
983
1240
852
104
245
507
1397
359
1141
943
345
868
37
668
184
934
1093
609
1324
191
975
1395
63
251
772
1357
1122
66
947
991
272
754
1003
940
901
71
8
55
360
724
981
50
812
669
1063
546
718
1098
124
1283
1221
286
994
1336
1161
873
561
798
276
381
1393
201
325
156
80
923
1083
1360
375
453
855
556
782
422
721
383
570
1115
385
421
1297
1073
181
801
577
1313
1004
1308
1197
584
479
163
966
759
317
138
580
165
81
1277
275
9
550
1043
914
371
1045
357
57
697
1255
11
714
1286
1102
1210
1371
243
828
312
1381
39
829
654
661
239
629
978
266
187
461
85
749
380
792
879
218
1236
212
517
518
870
1059
634
300
297
847
1182
67
1080
332
1133
665
1164
74
28
349
930
150
605
1181
961
445
223
415
1345
885
118
647
42
751
257
938
1201
564
1328
750
739
527
979
1005
1072
1163
475
1261
147
1305
1169
533
623
494
1095
237
639
869
406
1253
49
888
713
513
676
4
256
664
586
1159
467
502
180
781
1126
1382
807
747
695
466
932
793
1000
1230
701
293
457
246
430
692
1155
137
189
1290
1184
215
329
1189
783
900
935
794
732
1392
945
710
1206
853
77
911
1299
707
70
393
903
1384
717
1248
1183
1379
36
1097
1391
41
207
311
196
837
643
307
364
1258
1068
1042
135
82
552
1268
884
618
1402
492
213
1019
842
809
488
541
22
955
799
198
12
984
5
1125
723
1091
1246
898
871
831
1380
179
263
1040
655
761
417
688
802
1055
1100
370
25
136
1224
105
1033
1350
288
326
1149
386
1389
1257
1394
460
157
214
6
699
1333
850
1234
1162
264
274
784
216
437
173
919
1082
344
15
593
899
1020
1010
20
419
1090
503
1285
993
540
1377
771
1065
509
656
1351
596
588
716
524
1137
253
840
575
188
1209
576
353
776
1187
282
1039
917
497
913
508
558
738
372
563
1227
657
1086
336
1006
185
454
186
133
68
627
356
1077
59
538
1076
1266
140
816
1260
19
1092
1338
439
339
594
674
818
740
24
409
822
107
1233
892
279
1202
323
240
767
630
936
808
887
832
587
933
684
1203
972
648
388
624
988
342
469
995
320
504
760
1200
346
549
267
411
1176
1107
1215
797
996
1349
172
501
999
650
827
849
590
542
1288
1281
628
306
875
642
302
1309
543
1356
1014
780
826
635
277
510
1225
548
48
579
1311
92
971
32
1321
515
1194
1195
14
1310
248
208
941
296
607
1403
79
1012
651
447
1104
679
405
1278
250
877
1067
821
743
60
662
291
1044
152
362
519
1007
1096
1058
1316
144
1123
486
565
448
1190
897
1070
261
278
1119
1217
693
1139
1148
638
34
51
795
1342
1330
86
1327
967
1035
327
762
1150
1314
1372
1385
408
786
1134
1383
1178
1017
736
399
478
463
672
521
1173
1213
1087
702
1103
1146
1300
726
854
143
597
582
1337
1029
516
1002
1156
867
918
412
1347
1105
1368
1219
1352
1317
1220
495
119
382
708
1046
416
838
154
671
969
204
53
316
839
149
493
350
148
262
292
1293
817
429
864
61
1085
946
458
973
942
1284
851
1116
790
603
927
1051
567
514
626
228
698
1348
366
171
1398
617
880
1151
921
73
1106
120
621
778
76
1198
1256
23
203
355
811
1262
298
1129
506
813
420
130
924
483
660
170
803
1228
255
581
1170
766
1259
1289
132
715
720
619
224
363
374
666
449
376
907
3
1287
403
908
249
209
1192
691
287
1208
860
690
948
330
1276
857
742
489
1023
221
559
1154
471
696
1304
1265
62
685
566
269
982
640
1282
557
705
341
361
337
709
373
610
470
