1400
668
80
582
1337
47
786
878
866
620
566
312
90
1220
375
1347
877
909
796
1033
629
1117
800
1383
253
2
689
1298
840
307
433
611
441
1111
108
402
828
860
318
176
561
987
1281
1009
244
1062
490
844
180
1300
1391
417
594
772
46
550
43
423
630
1327
133
224
1106
331
964
1054
275
1188
1011
513
1083
396
82
1193
1329
902
639
699
543
1089
1168
640
186
450
58
512
436
376
862
1087
1199
606
0
485
427
1234
418
694
737
403
293
164
326
1180
900
1403
870
141
449
557
708
321
19
841
296
1308
738
353
1314
683
106
174
1024
857
368
1004
405
921
1311
205
496
26
1201
64
797
1034
521
1377
28
241
1052
599
420
488
444
78
718
823
1165
1142
663
720
1253
1292
236
374
437
1132
1183
897
38
769
1389
735
493
592
933
487
832
221
337
1356
102
1214
289
958
938
105
623
1221
1242
764
100
1348
736
1179
34
323
776
220
612
8
70
352
267
48
465
1362
915
523
276
1185
721
869
413
843
1075
928
1129
570
887
347
1215
1336
147
901
882
146
932
581
1133
150
801
1104
725
771
21
879
719
36
863
182
617
421
279
758
1309
848
251
426
607
1096
627
1101
597
1396
156
1003
955
936
173
103
1026
822
1302
637
625
200
1155
1079
711
956
1157
346
770
301
168
230
690
430
685
249
265
165
985
1260
398
896
1150
530
95
998
733
1043
1351
1390
1243
527
536
210
41
1325
953
1361
712
684
1227
1194
97
121
1107
373
1342
667
1369
1058
1171
474
1264
852
1236
774
263
1006
486
360
555
384
277
1340
243
229
460
143
280
1293
994
1246
1170
997
454
1274
6
505
260
524
1378
652
408
278
1338
780
463
92
1252
328
322
893
1197
748
655
1016
333
206
1344
342
501
1247
989
154
1301
906
666
1072
855
233
1374
526
359
999
773
680
476
1140
969
899
1137
281
665
50
1263
883
159
546
18
415
124
1275
298
259
1208
816
795
553
761
261
824
885
1394
1071
867
202
252
392
3
1307
228
1244
142
35
730
1146
81
192
394
140
1134
284
33
482
330
451
286
600
963
920
799
700
93
1005
62
820
1289
29
539
793
511
155
1306
329
672
37
753
65
1371
1041
886
442
377
419
75
190
446
1297
1393
158
1288
540
846
1115
798
503
1068
1211
215
1001
821
650
1119
406
54
547
926
929
984
1123
1202
678
641
379
522
1120
1286
856
1237
1022
1332
918
693
593
910
1061
1110
1192
1047
579
1345
144
1339
283
1317
1144
400
12
194
1176
199
659
825
837
136
291
1172
775
853
339
288
624
292
854
17
781
364
1046
880
1074
193
664
548
76
1021
966
872
348
422
724
1040
1162
111
1354
1025
268
119
473
868
842
1321
703
692
1279
525
1206
162
231
114
560
1169
516
188
132
480
227
812
975
888
779
1349
726
942
927
1149
1273
891
1148
1322
59
934
22
782
1258
189
161
728
483
696
285
575
519
428
334
1158
568
740
515
1240
1166
55
56
127
1216
1125
608
414
355
1324
475
1135
170
613
1012
598
545
207
1105
1323
370
1160
1313
216
391
1291
212
266
177
1191
960
73
834
767
1255
83
802
1392
457
477
20
913
157
1343
1303
314
1245
447
462
858
435
670
859
295
1177
806
357
876
871
16
499
810
763
429
443
175
32
691
470
952
1283
1113
1366
69
239
1097
91
995
1380
734
308
982
13
356
1360
943
494
542
1235
343
1081
986
784
1395
1326
1099
1086
128
946
937
1174
1271
638
1204
565
225
492
1241
148
1065
1228
754
507
653
24
1118
466
1262
778
1154
1035
1088
358
484
635
1284
649
96
922
1013
452
411
52
1230
679
517
341
615
214
407
332
172
790
1136
947
1205
51
86
911
479
826
533
602
264
874
657
595
369
110
383
272
325
304
258
409
974
171
1254
584
1032
765
931
585
203
698
1238
930
865
191
247
306
178
1232
372
1053
814
453
583
710
705
88
1019
941
1084
324
508
135
1328
535
577
898
633
98
320
1259
53
1299
445
1315
311
756
167
1126
1070
208
471
448
459
671
949
1358
245
1270
1387
1195
717
134
578
636
1249
715
662
787
1164
1082
1320
768
1399
1368
118
338
163
183
1010
1051
61
1091
232
977
714
388
432
416
365
242
495
1057
1196
116
818
31
954
1156
813
1002
149
563
363
590
520
399
908
184
785
559
961
299
469
440
1141
1128
919
44
371
290
1231
704
1251
619
1023
380
1359
250
556
395
234
1094
139
686
138
895
1015
1187
1287
1388
739
762
478
912
1305
9
195
642
838
393
1124
1280
1085
528
351
1363
151
861
741
179
604
723
731
425
884
959
1290
104
1093
382
468
238
1209
993
1077
1203
1184
498
223
1198
389
819
973
554
1268
789
67
1218
107
1296
315
1056
648
1
967
951
300
817
196
126
303
1108
676
366
45
1145
1365
1143
722
618
644
697
1029
892
849
990
14
1219
1147
903
804
992
7
1402
1370
68
864
350
645
1385
1217
1266
1092
1116
1256
1102
1048
115
750
1186
586
646
1376
1163
1295
254
576
1277
15
580
713
42
1181
112
1066
1267
1319
274
424
829
181
125
1059
626
805
1049
401
217
881
313
681
749
340
1310
1028
166
345
1060
1151
687
677
1131
551
237
1233
569
131
310
596
962
747
609
385
621
654
1239
532
1224
752
1372
256
1122
89
760
316
634
616
729
1341
257
574
851
287
1055
1257
1357
695
1100
743
1222
924
614
5
1285
940
803
1018
1304
1207
603
1064
1384
510
185
755
751
117
950
1000
788
573
682
544
1269
1382
378
319
1318
601
410
745
978
904
845
153
1042
213
30
1213
1229
980
84
1067
60
972
1139
269
991
549
77
122
794
1189
529
647
727
1050
1364
1175
87
631
235
317
905
309
1027
461
914
270
514
1212
571
847
875
273
1152
1031
976
502
873
923
456
791
988
1138
1080
706
935
1316
39
917
971
688
74
965
1130
491
248
541
1014
1350
1223
246
1098
1037
169
1063
1090
152
656
815
564
145
120
981
1278
1159
187
344
742
10
562
537
632
387
1331
957
538
349
49
500
839
939
836
831
439
294
1386
305
431
1109
1330
552
481
983
850
835
354
1272
137
1381
72
732
944
66
890
709
386
219
1073
489
1248
643
518
610
669
605
222
226
367
968
889
907
531
1020
434
209
361
11
63
1346
1401
589
271
1017
1276
297
811
945
830
1112
759
362
1007
572
948
658
1114
472
455
85
1069
1030
25
1103
390
218
1312
567
807
336
204
201
1226
1282
23
1210
1173
1167
1161
591
783
1153
404
587
661
1045
702
1182
160
1375
412
809
240
1397
651
1379
1038
1352
660
746
996
1008
1250
1398
1200
504
1261
588
198
1367
1225
1076
113
335
925
129
894
71
1178
282
79
255
1036
1265
130
1121
757
1095
101
1334
833
464
506
707
1044
1127
302
792
262
675
701
558
94
211
716
766
1353
534
40
1294
467
1039
4
1333
916
744
497
458
1078
674
57
1355
109
1190
628
979
327
1335
808
827
622
197
381
27
509
673
397
123
970
1373
99
438
777
