65
770
321
1050
81
1106
1198
372
271
568
329
1201
701
1379
1176
1230
32
389
440
1086
70
1373
307
1032
204
964
1088
1141
928
224
358
1337
74
1222
1167
287
661
1237
387
836
798
20
240
325
1181
1188
837
819
1291
238
709
843
1101
147
1289
1267
1331
1310
642
56
667
168
1163
450
135
229
205
354
343
1387
301
747
1043
653
1355
547
1306
951
188
444
1351
602
211
1186
489
459
25
978
1102
510
780
200
1247
520
1069
177
236
1135
865
1005
1030
665
855
579
95
549
98
777
984
133
1164
1319
1261
617
10
157
172
1253
722
256
652
756
1326
834
1388
197
491
1265
1180
612
675
1212
981
589
1208
494
1098
15
251
1170
414
955
1240
1348
333
347
693
1341
1134
831
1113
1294
324
137
972
71
1296
422
201
871
634
635
574
1392
1048
63
867
1146
303
1280
259
611
593
1398
1358
934
748
1173
1054
206
1234
464
102
55
740
368
179
1228
107
1077
1336
1083
1190
1056
942
615
614
779
366
616
461
563
694
828
68
1014
346
691
110
1067
923
453
814
1035
1308
1082
587
1178
1115
64
291
710
1118
907
849
945
886
362
1128
914
920
908
379
124
1099
1034
14
1065
1036
1081
285
1290
1231
352
1329
159
1220
963
1094
320
1287
46
656
870
727
712
428
926
911
431
1400
313
1084
447
227
720
457
166
222
789
540
824
412
1187
607
1302
808
1226
1004
1151
45
53
1038
672
386
880
985
1138
1
724
314
1171
682
1028
1214
473
1371
59
959
651
647
949
1271
852
185
987
1075
708
1205
1080
1309
553
820
755
446
630
522
581
629
891
471
245
678
267
335
276
77
87
909
966
725
140
1129
803
353
118
986
144
392
96
310
818
294
797
145
868
560
1299
811
706
711
1150
1218
246
153
116
764
255
544
1356
677
961
524
1209
705
214
283
1122
1006
371
436
270
509
801
604
221
1270
91
685
636
738
462
1284
782
776
309
213
1248
275
269
962
1397
1266
1340
804
1090
573
861
1039
562
432
768
1364
1049
338
773
9
274
317
627
263
38
479
300
873
162
176
582
571
929
193
455
119
645
1216
507
413
854
609
931
514
456
416
946
1272
288
361
425
998
580
30
370
1070
541
848
726
1365
1320
1374
417
1019
1383
1376
884
424
559
786
1055
1301
104
342
558
960
334
889
161
695
304
1257
249
367
93
445
1318
1136
1184
853
821
564
783
933
534
885
1393
217
536
895
180
235
1313
1307
33
569
272
451
1342
415
1017
1395
1225
840
1177
676
143
85
192
82
138
398
674
943
532
443
1363
874
1276
1121
860
1282
896
744
152
1021
757
690
1360
796
393
1120
575
129
12
407
449
1317
730
983
305
279
1153
186
1133
523
641
809
850
954
762
734
264
4
493
953
772
60
470
535
1295
638
751
439
196
681
878
66
1403
190
750
662
956
976
952
44
1246
1192
411
1010
253
394
29
1015
1044
273
103
1159
1335
223
1000
548
1368
299
1162
231
594
1125
965
257
388
405
260
397
1378
1273
1369
618
43
1367
237
846
555
1322
775
156
517
1327
898
1009
631
1031
208
115
537
478
1189
1213
799
827
623
505
390
1256
36
1072
1258
216
830
105
1154
280
704
1018
1350
605
1023
707
349
649
298
866
1232
543
670
311
67
1238
1103
1229
282
663
1158
1144
888
761
646
1384
75
924
210
6
433
37
1057
487
203
1353
374
1244
1334
758
360
1041
435
538
1268
841
741
1016
626
442
728
503
595
1114
1275
174
5
403
23
357
51
465
856
244
1324
41
921
164
328
941
1026
183
125
802
228
472
420
1152
680
410
1091
136
968
49
596
1074
769
600
99
419
160
930
437
925
1286
375
516
551
650
1179
1196
603
1107
293
872
21
902
817
35
492
990
232
584
922
1321
380
52
991
62
668
1168
1008
336
209
1249
919
550
28
158
281
1046
111
498
233
1224
1245
531
117
759
899
918
997
904
643
88
1297
1045
1066
542
438
426
700
364
1332
500
295
545
781
1071
1195
778
847
697
664
3
731
971
698
554
106
54
1328
1263
316
974
1243
215
485
382
252
572
326
1380
132
995
883
1001
1381
932
793
1255
327
1156
713
732
977
608
58
703
355
226
742
1330
337
957
496
175
633
686
791
881
671
1281
1377
813
632
149
220
1316
181
1305
679
927
423
363
1064
126
1279
80
61
992
86
1059
1250
822
1079
994
533
833
903
199
1242
1359
1061
258
109
936
1130
1207
980
1223
879
1185
290
800
1323
673
1349
1382
527
1389
805
723
1357
7
261
1362
1012
1140
1166
218
816
659
1013
1078
937
666
1095
557
1254
475
128
1345
765
1303
69
378
619
1259
767
429
1399
882
938
1394
598
167
170
1003
877
84
234
92
57
658
606
148
114
839
463
480
530
1060
330
1288
1236
1037
862
900
187
982
266
567
845
1385
794
441
988
743
528
1197
566
484
1285
717
624
521
344
1076
913
1126
1022
322
669
142
622
733
592
195
1169
1002
31
466
377
859
495
1194
784
844
48
163
745
312
1024
1062
591
254
468
1235
198
637
1274
401
239
408
101
130
400
1124
565
242
1241
795
8
1161
939
590
1112
1100
150
189
644
289
585
469
753
737
365
1402
511
1053
910
250
486
302
1315
989
1338
825
247
1221
1147
268
2
842
1210
1390
1361
1375
1052
458
146
1203
552
790
1040
1269
482
1354
655
1160
1011
421
452
890
13
1020
356
687
719
341
1199
497
113
1142
504
628
621
165
1139
875
404
1227
1312
477
122
887
340
1339
692
739
1262
1165
339
100
169
373
716
515
1073
1211
599
155
948
1033
383
1131
1058
702
351
715
829
1172
191
499
97
139
79
448
1325
476
893
418
131
576
654
518
944
714
1047
1202
396
11
815
262
506
1343
1137
639
50
483
395
1116
512
620
1314
525
1149
47
857
1145
78
1233
876
1293
1344
586
940
1333
474
308
892
1110
894
696
406
90
1104
369
178
350
1132
1217
915
785
683
735
718
597
1063
278
556
684
807
897
1108
286
578
230
1092
76
749
1396
906
427
19
488
1007
323
1123
1401
967
376
502
1029
24
332
832
225
17
154
1219
546
1111
863
610
1174
1372
975
1119
771
869
265
141
1292
121
306
385
826
746
1386
810
434
806
207
657
297
319
1093
212
1352
570
1311
430
1027
588
83
858
16
108
1277
1068
173
835
1109
996
916
1042
539
120
1264
454
348
127
935
969
296
792
1366
1206
689
851
736
513
134
1143
34
1215
27
1175
864
979
1148
123
699
399
973
1200
905
1117
467
1251
112
529
1182
640
277
243
1025
219
648
1096
1347
501
1127
1157
1370
171
331
402
1298
460
774
729
39
1051
391
519
72
292
561
788
241
688
1085
1193
601
999
1087
625
613
752
1260
381
1346
901
917
787
766
1278
947
812
318
490
0
1089
1239
1183
1304
970
1097
73
508
315
409
760
151
1252
754
577
202
89
40
912
583
384
993
194
823
481
94
26
1391
958
838
284
1300
660
359
184
1283
1191
42
345
248
721
1155
763
526
1105
1204
182
22
950
18
