608
451
122
447
871
1102
771
1372
98
745
173
332
634
1053
1346
1215
555
970
1270
1031
395
931
1008
698
1284
293
243
1046
280
691
31
1177
642
360
407
39
21
459
959
859
260
1063
1206
302
652
1106
174
1127
544
1025
33
1241
757
1232
1186
772
645
151
795
677
342
743
91
704
1139
1239
599
722
864
300
169
998
1367
324
783
755
681
519
982
1388
1051
439
408
1247
1386
303
741
1299
796
904
90
145
893
118
762
189
671
1087
318
624
111
1216
1368
126
240
815
823
1048
1022
797
761
591
422
474
837
870
748
531
401
1229
1374
164
305
34
5
947
880
264
1126
1122
719
833
1137
751
731
788
839
418
672
517
943
335
120
270
1064
389
1120
876
766
518
850
803
227
159
592
840
1350
235
804
709
54
505
487
962
375
635
1227
1221
1328
648
147
660
1154
930
868
1097
878
2
789
357
95
869
165
801
319
1269
690
738
879
1366
135
593
268
1146
1194
1060
1196
67
1263
529
15
881
673
1007
139
134
1375
650
598
1318
68
309
541
831
1225
114
463
955
424
910
583
368
10
912
398
100
53
974
950
1369
104
898
674
334
577
295
882
175
901
217
359
29
320
949
725
460
1016
705
1116
688
720
356
399
1131
1024
968
132
1062
1121
290
185
148
1010
735
891
223
44
852
472
183
651
1208
596
364
1396
372
466
528
647
1124
215
1242
883
76
747
559
279
337
584
649
1321
825
669
822
1297
210
665
484
726
639
1133
892
946
739
569
886
1096
1061
516
234
1020
59
441
1003
1110
216
377
218
1043
615
981
828
112
1181
213
1219
253
170
811
486
1115
248
835
146
291
149
938
434
1189
162
742
546
468
73
1076
1353
1312
622
1041
887
77
380
71
440
61
969
498
69
979
902
1223
228
1397
128
393
265
543
231
241
106
133
503
383
1018
853
423
1222
1111
470
1258
344
558
664
858
1040
1330
50
32
6
425
1180
1192
654
1332
1325
85
1250
1275
473
714
779
436
932
381
842
330
769
834
917
1077
694
181
236
754
756
922
737
1272
211
693
350
1371
1240
195
749
1262
1098
220
102
1130
397
897
865
885
37
990
884
933
504
589
237
409
1161
456
1370
1352
417
964
1341
572
1173
806
1165
1383
707
556
1224
753
695
277
921
266
724
1074
99
785
156
768
1132
339
57
464
1233
1354
1152
387
444
1092
1027
540
702
1226
1187
75
493
204
915
142
80
1203
171
1067
1090
1001
1178
549
925
721
1167
1212
644
1265
522
1198
816
258
821
186
365
817
158
1012
1288
336
1292
1021
1355
371
568
1107
201
88
911
41
1036
1029
378
449
1006
826
1310
161
1147
1335
988
1138
321
563
27
536
1391
551
257
1358
857
782
565
903
1359
1158
689
966
1231
325
127
1364
144
908
906
1220
163
520
838
1300
585
1329
412
229
1068
1080
1095
1169
715
967
495
327
668
1306
150
348
987
1009
16
924
345
400
872
421
238
557
928
453
396
478
373
929
861
561
1384
222
130
331
1141
316
845
848
1255
219
193
1389
1349
1348
574
40
226
978
426
744
554
547
119
997
659
46
703
1285
194
521
1204
489
1320
110
179
1188
1042
862
923
315
1094
1311
750
1342
428
937
490
249
366
454
452
945
716
696
729
97
1256
212
403
299
458
79
462
1264
1113
508
613
283
374
637
830
1304
535
791
13
1144
192
855
246
254
155
646
1201
338
1123
45
294
661
154
1385
1170
272
597
595
1336
616
55
657
282
298
1140
1200
1400
1260
758
994
62
239
196
1134
197
1086
143
687
580
1360
1382
953
430
311
539
252
1287
304
723
514
963
532
775
326
427
612
1079
103
1039
533
918
92
410
836
875
416
1403
203
765
590
1056
1047
658
116
655
353
1373
711
501
957
1251
512
510
1236
965
1356
477
251
7
180
66
346
1281
1164
790
83
138
207
827
1084
1162
640
1381
890
781
1128
896
1316
926
700
1271
601
1257
361
734
1357
666
89
96
1379
1015
676
618
1340
168
1038
475
289
1283
977
247
137
633
631
500
1246
604
379
809
1083
1085
388
82
58
621
542
1210
209
582
1197
376
1184
1293
1399
394
230
736
920
1278
819
402
1317
105
448
1081
232
774
843
1005
488
465
786
1339
863
285
419
610
1401
499
1392
643
78
1065
382
1037
286
1151
1166
1213
909
675
141
208
899
1114
255
1183
187
1059
625
1030
524
329
1136
641
760
1376
1000
877
4
653
995
482
432
406
509
1023
667
805
829
986
200
479
370
507
1286
47
1156
1261
511
480
178
697
313
176
1218
1004
934
972
271
807
1298
107
411
52
28
849
873
20
328
1361
310
1185
1028
626
491
494
1075
1179
706
1327
951
352
623
355
1301
1209
442
773
1296
1268
363
984
573
537
437
1112
1326
860
1347
1211
446
728
435
1071
594
24
481
256
51
267
958
1078
944
301
476
552
800
1054
905
818
916
1237
184
548
108
780
1101
1171
846
1337
36
438
656
404
530
867
603
354
278
63
405
351
954
889
553
1108
30
895
712
777
485
48
1182
233
297
1150
1343
274
1190
985
1253
1331
414
1088
1243
1345
513
269
1244
461
1363
308
802
874
1026
1011
1099
1282
679
1109
776
627
386
245
1155
1193
177
1014
794
812
1234
733
550
680
343
467
620
1175
810
941
787
538
927
26
942
281
182
732
1034
770
109
961
586
1259
808
1159
1082
60
980
87
49
545
567
1168
1305
86
25
847
913
940
759
1323
523
939
717
471
42
1073
1118
983
576
856
630
564
455
492
1105
824
525
1129
866
123
191
763
420
273
93
784
188
160
1267
445
778
832
1100
1055
1313
841
457
686
1266
992
820
588
570
18
101
976
1235
199
43
263
854
798
793
129
14
314
1249
1033
1276
242
614
1049
323
1044
288
1199
566
960
1303
1214
202
1143
1035
72
991
1351
0
605
989
124
307
198
392
306
718
1393
1402
413
172
560
35
948
384
317
587
767
115
1334
1390
1290
1117
81
322
1365
919
497
1157
575
1338
1160
1195
1174
1254
70
1013
496
699
1103
214
443
638
619
1291
22
600
993
662
140
701
369
1191
685
1377
287
682
534
578
636
1309
609
999
814
125
136
502
914
1294
663
429
206
1202
1245
606
391
362
1324
1314
1279
1228
581
1344
261
1057
1394
292
1093
1387
562
792
628
64
276
888
1238
952
1145
740
1125
1277
1333
746
1398
708
1058
1322
1319
157
617
152
275
284
224
764
727
1
390
1135
1032
131
730
262
113
3
1315
894
17
450
84
469
1149
341
975
1104
1248
221
971
1019
1148
632
244
74
190
602
1230
1395
678
973
526
1295
1302
851
23
94
683
1119
936
1153
1289
205
692
1052
1273
1066
506
166
347
799
431
1280
153
483
1070
670
571
38
996
1362
340
956
1176
167
935
12
1017
8
433
65
19
56
121
250
1205
844
9
415
11
813
1091
1307
1172
527
1207
312
1378
1217
296
1163
225
1274
367
629
385
907
349
333
1069
684
1252
1045
900
1308
259
1072
710
607
1050
579
611
515
752
117
1089
1380
1002
1142
358
713
