0
715
646
936
93
45
51
810
502
149
383
1041
975
967
717
111
656
184
1274
1064
613
467
177
175
1293
308
280
593
1335
1322
554
1270
173
1079
780
969
1153
18
13
329
1231
403
271
389
1123
573
612
1255
891
109
1236
1198
908
486
452
283
206
265
396
371
488
1024
748
1062
660
275
15
1089
106
662
336
1049
889
566
410
1308
131
1099
205
1301
1396
1232
844
1284
318
1339
169
1391
330
704
97
19
1148
733
357
1113
987
1359
77
1098
958
78
1385
697
745
299
327
1183
584
926
89
1323
906
1219
822
378
794
700
799
208
62
229
171
925
419
773
586
516
706
629
684
741
484
905
182
691
461
147
1374
390
1327
1287
737
464
1018
159
829
99
651
117
322
718
719
1082
431
755
1040
261
161
367
736
1330
1337
1171
416
596
1277
174
1239
753
622
1132
900
980
198
816
44
1217
548
294
1256
446
1258
542
331
888
609
224
31
702
825
867
676
1004
1257
990
1399
991
556
831
1380
534
892
1168
1160
1252
1154
1075
1233
380
1316
910
164
375
374
1282
1
25
540
86
24
1291
315
523
435
1167
248
302
46
611
800
1104
404
1068
1403
818
843
513
428
703
1125
942
1166
693
922
1051
119
572
1137
73
79
240
1366
788
212
590
879
1234
1242
1354
708
1131
1133
884
141
1173
1060
203
640
197
1114
732
907
828
798
634
1116
1199
1266
1071
610
1254
808
1230
552
43
1376
316
181
768
406
638
1402
1312
1384
830
237
972
602
1177
1035
752
223
1142
1392
501
765
1297
228
645
264
176
959
1140
107
170
872
924
998
569
1294
966
1152
524
520
504
1122
1240
1265
637
63
1313
108
721
696
1063
746
55
505
96
180
1019
276
659
436
835
964
757
114
723
398
947
38
685
1383
971
326
386
425
494
1268
580
854
370
620
274
1109
1053
1048
1003
456
1309
772
920
268
190
98
519
1295
1371
1000
1023
632
883
301
201
777
728
480
878
1260
2
824
297
899
475
1190
262
1052
401
530
787
811
1097
105
6
711
855
207
1092
952
1241
340
536
414
221
1117
527
875
388
599
642
785
1289
75
1025
774
1245
941
635
320
698
583
802
618
1087
1188
1305
507
916
1021
1342
1269
1370
168
187
448
50
1347
90
250
793
337
1165
1346
663
304
1336
1120
1382
917
116
154
989
128
5
1243
832
1361
783
1072
1007
555
814
74
1159
255
1128
422
200
949
278
345
235
1379
568
27
626
408
850
1213
877
845
193
348
1348
948
220
1298
722
939
1119
571
946
26
701
439
1212
1038
455
653
1276
270
821
1091
532
23
796
22
1264
720
350
183
997
1206
1364
807
1328
415
1112
914
232
847
300
1076
841
377
1285
102
492
803
1161
1390
470
49
1090
1157
724
865
257
319
1302
511
282
1033
970
655
1108
679
211
368
1077
680
673
355
497
166
481
1321
1318
227
1387
397
1207
249
65
284
443
216
113
1127
996
1394
379
358
636
346
531
1300
961
214
1279
1103
293
101
1005
560
104
725
1181
16
934
1101
749
477
451
434
553
487
213
885
418
133
1002
819
1283
427
7
1010
1292
266
836
988
1208
677
675
597
241
1009
1397
483
1194
1325
999
192
437
686
588
54
1186
557
1094
332
744
1202
1218
866
1195
1034
1227
1088
1001
1121
1118
1319
349
643
30
1170
1210
66
932
59
17
1226
139
628
594
776
1237
1303
770
886
860
790
1146
1341
356
153
186
145
1311
399
100
827
29
1389
761
683
862
253
354
369
858
72
522
619
447
341
41
335
306
710
412
537
132
272
1015
898
1069
863
919
10
421
1006
658
1149
1136
48
160
1296
150
458
1175
191
649
545
894
1343
179
1280
981
1367
225
650
641
490
682
1145
468
993
1047
1179
244
88
517
591
129
834
325
561
438
1031
144
21
47
426
672
118
881
344
1398
1105
750
1278
1400
1055
1164
895
1393
564
140
162
657
1215
1267
1329
1037
766
1054
678
838
1176
256
202
433
1386
1247
1074
482
965
1248
603
292
1016
1026
823
940
605
76
1030
459
1162
526
869
1307
152
913
499
1070
352
269
938
1180
558
1067
70
14
473
1115
310
1078
1080
449
199
1044
771
627
797
137
666
1271
1310
1324
813
1184
343
957
614
695
1042
738
1290
402
1196
429
4
155
185
231
444
849
309
953
758
1189
1085
615
839
734
112
1373
1020
707
1315
1150
528
394
39
498
514
654
328
1235
196
245
1134
1368
890
11
1375
1338
135
1334
1017
303
478
474
125
242
1332
592
1163
1275
142
911
1046
983
1100
687
904
1262
53
812
726
94
1362
716
506
445
338
178
754
809
1360
870
471
384
469
804
669
589
709
353
115
1187
791
295
312
35
525
1124
1043
279
598
1223
277
1107
962
973
1220
880
670
233
943
1349
121
1288
784
837
674
409
1065
333
1205
1340
33
259
539
1238
151
204
385
1209
546
351
648
578
575
246
157
944
1008
460
631
127
163
1028
1224
236
251
601
893
541
515
826
1172
1039
857
735
705
110
1221
376
639
1344
1320
688
1169
126
82
392
239
1369
1138
529
1073
1317
285
420
1029
281
12
1086
1182
1286
909
876
373
668
40
215
587
361
1249
742
747
1050
1083
921
621
1151
617
442
321
411
817
307
929
730
485
188
789
625
1129
623
1130
976
769
1299
842
1216
1388
681
1013
549
606
423
951
363
1036
930
868
762
1351
123
472
778
69
1381
362
954
806
968
1365
1022
585
263
864
1155
927
365
1357
779
440
1250
1246
1377
165
667
856
1314
360
533
551
324
393
664
963
538
28
1178
767
918
887
339
457
933
1058
727
1056
1014
912
1096
317
795
559
234
945
323
1011
146
897
347
1253
1192
391
871
782
381
1191
977
291
1244
512
1126
95
56
1174
254
992
1228
1095
124
311
896
567
624
1203
81
739
699
1345
740
52
1012
759
1093
846
805
64
928
713
342
915
1306
982
570
57
1229
1304
395
508
731
801
273
550
260
630
882
407
760
712
820
479
405
92
34
424
1143
194
189
521
476
298
138
61
661
608
1135
1197
387
364
729
465
955
210
122
1110
42
1273
1355
853
58
1225
334
1401
873
1144
576
1350
1185
840
296
1378
290
960
1057
1141
1353
3
1263
462
130
1358
1032
1352
313
604
1363
781
503
148
400
441
120
509
493
581
1281
595
32
544
901
222
103
518
1147
252
500
496
607
91
1214
289
258
167
852
563
432
209
1251
1395
764
565
956
535
314
8
743
134
1331
874
1066
1333
226
1102
647
1139
978
495
466
491
1045
218
156
974
763
71
1372
775
579
616
1222
582
923
286
247
20
454
9
644
562
1326
950
851
1204
453
786
243
382
1061
690
1081
230
1259
267
1106
430
714
671
577
903
1261
463
413
1200
450
935
994
1111
510
543
158
985
80
1201
600
172
833
219
67
217
1211
692
751
984
1193
574
87
238
305
1356
931
1272
143
417
68
792
986
859
1027
359
1059
633
1156
83
902
694
1084
60
665
848
372
979
489
547
366
37
937
195
136
288
756
36
287
85
995
815
689
1158
861
652
84
